# This file was created Fri Jun 30 16:00:17 2023
# Created by:
#                     :-) GROMACS - gmx polystat, 2020.4 (-:
# 
# Executable:   /usr/local/gromacs/bin/gmx
# Data prefix:  /usr/local/gromacs
# Working dir:  /mnt/c/Users/andre/Documents/GitHub/fn_MD_FDA/complete
# Command line:
#   gmx polystat -s pull_fn.tpr -f pull_fn.xtc -n index.ndx -o end2end_dist.xvg -v no
# gmx polystat is part of G R O M A C S:
#
# Great Red Owns Many ACres of Sand 
#
@    title "Principal components"
@    xaxis  label "Time (ps)"
@    yaxis  label "(nm)"
@TYPE xy
@ view 0.15, 0.15, 0.75, 0.85
@ legend on
@ legend box on
@ legend loctype view
@ legend 0.78, 0.8
@ legend length 2
@ s0 legend "eig1 x"
@ s1 legend "eig1 y"
@ s2 legend "eig1 z"
@ s3 legend "eig2 x"
@ s4 legend "eig2 y"
@ s5 legend "eig2 z"
@ s6 legend "eig3 x"
@ s7 legend "eig3 y"
@ s8 legend "eig3 z"
     0.000  0.992 -0.101 -0.080  0.091  0.115  0.989  0.090  0.988 -0.123
     2.000  0.992 -0.081 -0.101  0.104  0.031  0.994  0.078  0.996 -0.039
     4.000  0.995 -0.081 -0.065  0.073  0.110  0.991  0.073  0.991 -0.115
     6.000  0.992 -0.112 -0.050  0.062  0.099  0.993  0.106  0.989 -0.105
     8.000  0.991 -0.120 -0.057  0.075  0.147  0.986  0.110  0.982 -0.155
    10.000  0.989 -0.137 -0.056  0.066  0.066  0.996  0.133  0.988 -0.074
    12.000  0.986 -0.144 -0.080  0.094  0.095  0.991  0.135  0.985 -0.107
    14.000  0.985 -0.150 -0.089  0.101  0.078  0.992  0.142  0.986 -0.092
    16.000  0.986 -0.148 -0.073  0.081  0.048  0.996  0.144  0.988 -0.059
    18.000  0.984 -0.151 -0.098  0.106  0.048  0.993  0.146  0.987 -0.063
    20.000  0.986 -0.140 -0.093  0.106  0.089  0.990  0.131  0.986 -0.102
    22.000  0.991 -0.113 -0.072  0.080  0.065  0.995  0.108  0.991 -0.073
    24.000  0.994 -0.094 -0.062  0.068  0.057  0.996  0.090  0.994 -0.063
    26.000  0.994 -0.101 -0.049  0.050  0.002  0.999  0.101  0.995 -0.007
    28.000  0.993 -0.110 -0.037  0.035 -0.015  0.999  0.110  0.994  0.011
    30.000  0.995 -0.095 -0.035  0.031 -0.044  0.999  0.096  0.994  0.041
    32.000  0.992 -0.115 -0.045  0.044 -0.010  0.999  0.116  0.993  0.004
    34.000  0.991 -0.119 -0.067  0.067 -0.007  0.998  0.120  0.993 -0.002
    36.000  0.993 -0.107 -0.051  0.055  0.033  0.998  0.105  0.994 -0.039
    38.000  0.993 -0.110 -0.033  0.033 -0.004  0.999  0.110  0.994  0.000
    40.000  0.994 -0.110 -0.025  0.023 -0.016  1.000  0.110  0.994  0.013
    42.000  0.992 -0.124 -0.031  0.028 -0.029  0.999  0.125  0.992  0.025
    44.000  0.990 -0.131 -0.051  0.041 -0.075  0.996  0.135  0.989  0.069
    46.000  0.988 -0.148 -0.039  0.033 -0.040  0.999  0.149  0.988  0.035
    48.000  0.985 -0.169 -0.020  0.018 -0.011  1.000  0.169  0.986  0.007
    50.000  0.984 -0.168 -0.052  0.043 -0.055  0.998  0.171  0.984  0.047
    52.000  0.986 -0.167 -0.025  0.012 -0.077  0.997  0.168  0.983  0.074
    54.000  0.988 -0.152 -0.010 -0.007 -0.113  0.994  0.152  0.982  0.113
    56.000  0.990 -0.137  0.014 -0.026 -0.082  0.996  0.135  0.987  0.085
    58.000  0.991 -0.135  0.007 -0.017 -0.066  0.998  0.134  0.989  0.068
    60.000  0.993 -0.118  0.020 -0.021 -0.014  1.000  0.118  0.993  0.016
    62.000  0.994 -0.106  0.027 -0.036 -0.084  0.996  0.103  0.991  0.087
    64.000  0.993 -0.107  0.040 -0.056 -0.146  0.988  0.100  0.984  0.151
    66.000  0.993 -0.118  0.032 -0.055 -0.191  0.980  0.109  0.975  0.196
    68.000  0.992 -0.119  0.027 -0.048 -0.175  0.983  0.113  0.977  0.179
    70.000  0.992 -0.110  0.059 -0.077 -0.171  0.982  0.098  0.979  0.178
    72.000  0.995 -0.096  0.041 -0.063 -0.237  0.970  0.083  0.967  0.242
    74.000  0.994 -0.086  0.067 -0.084 -0.208  0.974  0.070  0.974  0.214
    76.000  0.994 -0.098  0.040 -0.061 -0.223  0.973  0.086  0.970  0.228
    78.000  0.995 -0.093  0.047 -0.067 -0.228  0.971  0.079  0.969  0.233
    80.000  0.995 -0.080  0.057 -0.071 -0.181  0.981  0.068  0.980  0.186
    82.000  0.996 -0.088  0.035 -0.050 -0.171  0.984  0.080  0.981  0.175
    84.000  0.997 -0.082 -0.001 -0.014 -0.186  0.982  0.080  0.979  0.187
    86.000  0.997 -0.071 -0.004 -0.007 -0.158  0.987  0.070  0.985  0.158
    88.000  0.996 -0.086  0.002 -0.015 -0.150  0.989  0.085  0.985  0.151
    90.000  0.997 -0.076 -0.008 -0.007 -0.203  0.979  0.076  0.976  0.203
    92.000  0.997 -0.073  0.019 -0.030 -0.162  0.986  0.069  0.984  0.164
    94.000  0.998 -0.046  0.031 -0.040 -0.218  0.975  0.038  0.975  0.219
    96.000  0.998 -0.065  0.028 -0.044 -0.256  0.966  0.055  0.965  0.258
    98.000  0.997 -0.067  0.031 -0.048 -0.265  0.963  0.056  0.962  0.267
   100.000  0.998 -0.055  0.026 -0.039 -0.238  0.971  0.047  0.970  0.240
   102.000  0.998 -0.067 -0.009 -0.005 -0.214  0.977  0.067  0.975  0.214
   104.000  0.997 -0.065 -0.031  0.016 -0.221  0.975  0.070  0.973  0.219
   106.000  0.997 -0.071 -0.027  0.010 -0.224  0.974  0.075  0.972  0.223
   108.000  0.997 -0.072 -0.007 -0.012 -0.261  0.965  0.071  0.963  0.261
   110.000  0.998 -0.058  0.026 -0.038 -0.229  0.973  0.051  0.972  0.231
   112.000  0.998 -0.064  0.022 -0.039 -0.270  0.962  0.056  0.961  0.272
   114.000  0.997 -0.067  0.025 -0.042 -0.269  0.962  0.057  0.961  0.271
   116.000  0.995 -0.079  0.057 -0.075 -0.250  0.965  0.062  0.965  0.255
   118.000  0.995 -0.073  0.069 -0.086 -0.252  0.964  0.053  0.965  0.257
   120.000  0.996 -0.075  0.056 -0.076 -0.291  0.954  0.055  0.954  0.296
   122.000  0.997 -0.065  0.048 -0.064 -0.268  0.961  0.050  0.961  0.272
   124.000  0.995 -0.089  0.041 -0.063 -0.265  0.962  0.075  0.960  0.270
   126.000  0.997 -0.068  0.039 -0.058 -0.296  0.953  0.053  0.953  0.299
   128.000  0.996 -0.068  0.050 -0.067 -0.277  0.959  0.051  0.959  0.280
   130.000  0.996 -0.063  0.063 -0.078 -0.277  0.958  0.043  0.959  0.280
   132.000  0.998 -0.056  0.028 -0.045 -0.339  0.940  0.043  0.939  0.341
   134.000  0.998 -0.050  0.043 -0.059 -0.379  0.923  0.030  0.924  0.381
   136.000  0.996 -0.069  0.050 -0.072 -0.376  0.924  0.045  0.924  0.380
   138.000  0.994 -0.085  0.067 -0.091 -0.328  0.940  0.058  0.941  0.333
   140.000  0.994 -0.083  0.070 -0.095 -0.359  0.928  0.052  0.930  0.365
   142.000  0.994 -0.082  0.078 -0.101 -0.324  0.941  0.051  0.942  0.331
   144.000  0.993 -0.098  0.073 -0.104 -0.363  0.926  0.064  0.927  0.371
   146.000  0.993 -0.087  0.076 -0.102 -0.352  0.930  0.054  0.932  0.358
   148.000  0.996 -0.078  0.041 -0.067 -0.374  0.925  0.057  0.924  0.378
   150.000  0.996 -0.071  0.052 -0.074 -0.336  0.939  0.049  0.939  0.340
   152.000  0.996 -0.071  0.062 -0.084 -0.372  0.924  0.042  0.925  0.376
   154.000  0.994 -0.072  0.087 -0.107 -0.361  0.926  0.035  0.930  0.367
   156.000  0.994 -0.073  0.080 -0.102 -0.401  0.910  0.034  0.913  0.407
   158.000  0.992 -0.069  0.106 -0.125 -0.411  0.903  0.019  0.909  0.416
   160.000  0.995 -0.076  0.070 -0.094 -0.388  0.917  0.043  0.919  0.393
   162.000  0.993 -0.084  0.078 -0.105 -0.398  0.911  0.046  0.913  0.404
   164.000  0.995 -0.078  0.065 -0.091 -0.383  0.919  0.047  0.920  0.388
   166.000  0.994 -0.092  0.060 -0.090 -0.378  0.921  0.063  0.921  0.384
   168.000  0.995 -0.074  0.063 -0.087 -0.403  0.911  0.042  0.912  0.408
   170.000  0.994 -0.077  0.081 -0.105 -0.381  0.919  0.040  0.921  0.387
   172.000  0.992 -0.076  0.098 -0.118 -0.350  0.929  0.036  0.934  0.356
   174.000  0.992 -0.067  0.109 -0.127 -0.382  0.916  0.020  0.922  0.387
   176.000  0.988 -0.075  0.132 -0.151 -0.393  0.907  0.016  0.917  0.400
   178.000  0.989 -0.078  0.124 -0.146 -0.452  0.880  0.013  0.888  0.459
   180.000  0.988 -0.076  0.135 -0.155 -0.466  0.871  0.004  0.881  0.473
   182.000  0.986 -0.111  0.126 -0.166 -0.534  0.829  0.025  0.838  0.545
   184.000  0.986 -0.105  0.130 -0.166 -0.521  0.837  0.020  0.847  0.531
   186.000  0.987 -0.094  0.129 -0.159 -0.525  0.836  0.011  0.846  0.533
   188.000  0.989 -0.095  0.116 -0.149 -0.573  0.806  0.010  0.814  0.581
   190.000  0.991 -0.085  0.099 -0.130 -0.600  0.789  0.008  0.795  0.606
   192.000  0.993 -0.063  0.102 -0.120 -0.595  0.795 -0.011  0.801  0.598
   194.000  0.993 -0.057  0.101 -0.114 -0.638  0.761 -0.021  0.768  0.640
   196.000  0.993 -0.045  0.107 -0.112 -0.623  0.774 -0.031  0.781  0.624
   198.000  0.994 -0.047  0.099 -0.107 -0.628  0.771 -0.026  0.777  0.629
   200.000  0.994 -0.031  0.101 -0.099 -0.603  0.792 -0.036  0.797  0.602
   202.000  0.993 -0.024  0.115 -0.104 -0.639  0.762 -0.055  0.769  0.637
   204.000  0.994 -0.009  0.111 -0.092 -0.625  0.775 -0.063  0.781  0.622
   206.000  0.993 -0.015  0.115 -0.097 -0.642  0.761 -0.063  0.767  0.639
   208.000  0.993 -0.004  0.114 -0.090 -0.642  0.762 -0.071  0.767  0.638
   210.000  0.993  0.007  0.115 -0.086 -0.621  0.779 -0.077  0.784  0.616
   212.000  0.992  0.015  0.123 -0.090 -0.603  0.793 -0.086  0.798  0.597
   214.000  0.994 -0.007  0.112 -0.090 -0.651  0.753 -0.067  0.759  0.648
   216.000  0.992 -0.025  0.127 -0.114 -0.636  0.763 -0.062  0.771  0.634
   218.000  0.991 -0.021  0.135 -0.119 -0.624  0.772 -0.068  0.781  0.621
   220.000  0.989 -0.023  0.148 -0.127 -0.653  0.747 -0.080  0.757  0.648
   222.000  0.987 -0.030  0.160 -0.140 -0.659  0.739 -0.083  0.751  0.655
   224.000  0.984  0.173  0.052 -0.097  0.748 -0.657 -0.152  0.641  0.752
   226.000  0.984  0.173  0.048 -0.099  0.745 -0.659 -0.150  0.644  0.751
   228.000  0.983  0.179  0.049 -0.111  0.779 -0.617 -0.149  0.601  0.785
   230.000  0.982  0.178  0.059 -0.110  0.804 -0.584 -0.151  0.567  0.809
   232.000  0.984  0.173  0.046 -0.115  0.808 -0.578 -0.137  0.563  0.815
   234.000  0.984  0.173  0.046 -0.118  0.820 -0.560 -0.135  0.545  0.827
   236.000  0.986  0.156  0.062 -0.104  0.856 -0.507 -0.132  0.493  0.860
   238.000  0.986  0.159  0.041 -0.111  0.830 -0.546 -0.121  0.534  0.837
   240.000  0.989  0.146  0.037 -0.101  0.826 -0.554 -0.111  0.544  0.832
   242.000  0.989  0.144  0.037 -0.105  0.853 -0.511 -0.105  0.502  0.859
   244.000  0.991  0.132  0.035 -0.099  0.871 -0.481 -0.094  0.473  0.876
   246.000  0.991  0.129  0.027 -0.098  0.860 -0.502 -0.088  0.495  0.865
   248.000  0.992  0.122  0.019 -0.095  0.853 -0.513 -0.079  0.507  0.858
   250.000  0.992  0.124  0.029 -0.094  0.869 -0.485 -0.085  0.478  0.874
   252.000  0.993  0.118  0.019 -0.091  0.851 -0.517 -0.077  0.511  0.856
   254.000  0.992  0.127  0.008 -0.105  0.857 -0.504 -0.071  0.499  0.863
   256.000  0.992  0.125  0.016 -0.098  0.848 -0.521 -0.078  0.515  0.854
   258.000  0.993  0.111  0.028 -0.085  0.881 -0.466 -0.077  0.460  0.884
   260.000  0.994  0.105  0.018 -0.085  0.878 -0.472 -0.065  0.468  0.881
   262.000  0.994  0.112  0.015 -0.093  0.885 -0.456 -0.065  0.452  0.890
   264.000  0.992  0.129  0.019 -0.105  0.876 -0.471 -0.077  0.465  0.882
   266.000  0.990  0.143  0.014 -0.114  0.843 -0.525 -0.087  0.518  0.851
   268.000  0.989  0.149  0.023 -0.117  0.854 -0.507 -0.095  0.499  0.861
   270.000  0.988  0.155  0.015 -0.129  0.870 -0.476 -0.087  0.468  0.879
   272.000  0.988  0.152  0.008 -0.132  0.880 -0.456 -0.076  0.450  0.890
   274.000  0.987  0.163  0.006 -0.142  0.873 -0.467 -0.081  0.460  0.884
   276.000  0.987  0.159  0.038 -0.137  0.932 -0.335 -0.089  0.326  0.941
   278.000  0.989  0.146  0.029 -0.127  0.932 -0.339 -0.077  0.331  0.940
   280.000  0.988  0.147  0.039 -0.126  0.936 -0.328 -0.084  0.319  0.944
   282.000  0.990  0.138  0.026 -0.116  0.908 -0.402 -0.079  0.395  0.915
   284.000  0.992  0.123  0.034 -0.105  0.936 -0.336 -0.074  0.330  0.941
   286.000  0.992  0.120  0.026 -0.098  0.904 -0.417 -0.073  0.411  0.908
   288.000  0.993  0.113  0.038 -0.098  0.953 -0.287 -0.068  0.281  0.957
   290.000  0.992  0.119  0.036 -0.102  0.946 -0.308 -0.070  0.302  0.951
   292.000  0.994  0.104  0.030 -0.088  0.941 -0.328 -0.062  0.323  0.944
   294.000  0.995  0.099  0.025 -0.081  0.914 -0.398 -0.062  0.394  0.917
   296.000  0.996  0.087  0.034 -0.064  0.900 -0.431 -0.068  0.427  0.902
   298.000  0.996  0.083  0.031 -0.054  0.848 -0.528 -0.070  0.524  0.849
   300.000  0.996  0.080  0.035 -0.052  0.860 -0.508 -0.070  0.504  0.861
   302.000  0.997  0.075  0.032 -0.044  0.829 -0.557 -0.068  0.554  0.830
   304.000  0.997  0.073  0.037 -0.038  0.816 -0.577 -0.072  0.574  0.816
   306.000  0.997  0.068  0.042 -0.033  0.831 -0.555 -0.073  0.551  0.831
   308.000  0.996  0.075  0.044 -0.035  0.813 -0.581 -0.079  0.577  0.813
   310.000  0.996  0.081  0.037 -0.047  0.827 -0.560 -0.076  0.556  0.827
   312.000  0.996  0.081  0.024 -0.052  0.815 -0.577 -0.067  0.574  0.816
   314.000  0.997  0.080  0.020 -0.056  0.833 -0.550 -0.061  0.547  0.835
   316.000  0.997  0.075  0.013 -0.055  0.822 -0.567 -0.053  0.565  0.824
   318.000  0.997  0.072  0.025 -0.049  0.855 -0.516 -0.058  0.513  0.856
   320.000  0.998  0.058  0.039 -0.034  0.891 -0.453 -0.061  0.451  0.891
   322.000  0.998  0.055  0.041 -0.030  0.884 -0.466 -0.062  0.464  0.884
   324.000  0.998  0.054  0.044 -0.025  0.866 -0.500 -0.065  0.497  0.865
   326.000  0.998  0.048  0.047 -0.022  0.895 -0.446 -0.064  0.444  0.894
   328.000  0.998  0.035  0.049 -0.013  0.925 -0.379 -0.059  0.378  0.924
   330.000  0.998  0.027  0.049 -0.006  0.925 -0.380 -0.056  0.379  0.924
   332.000  0.999  0.024  0.042 -0.003  0.894 -0.448 -0.048  0.447  0.893
   334.000  0.999  0.018  0.039  0.006  0.844 -0.536 -0.043  0.536  0.843
   336.000  0.999  0.013  0.044  0.014  0.831 -0.556 -0.043  0.556  0.830
   338.000  0.999  0.002  0.049  0.021  0.890 -0.455 -0.045  0.456  0.889
   340.000  0.998  0.008  0.056  0.017  0.898 -0.439 -0.054  0.439  0.897
   342.000  0.999  0.005  0.053  0.022  0.871 -0.491 -0.049  0.492  0.869
   344.000  0.999 -0.007  0.047  0.019  0.967 -0.253 -0.044  0.254  0.966
   346.000  0.999 -0.003  0.050  0.019  0.945 -0.325 -0.046  0.326  0.944
   348.000  0.999  0.005  0.054  0.019  0.901 -0.433 -0.051  0.434  0.900
   350.000  0.998  0.018  0.053  0.009  0.886 -0.463 -0.055  0.463  0.885
   352.000  0.998  0.017  0.063  0.012  0.906 -0.423 -0.065  0.423  0.904
   354.000  0.998  0.017  0.068  0.009  0.934 -0.357 -0.069  0.356  0.932
   356.000  0.997  0.020  0.073  0.006  0.941 -0.338 -0.076  0.337  0.938
   358.000  0.997  0.026  0.074  0.001  0.941 -0.339 -0.078  0.338  0.938
   360.000  0.997  0.035  0.071 -0.005  0.919 -0.394 -0.079  0.392  0.917
   362.000  0.997  0.041  0.065 -0.006  0.885 -0.466 -0.076  0.464  0.883
   364.000  0.997  0.044  0.056 -0.009  0.855 -0.519 -0.070  0.517  0.853
   366.000  0.998  0.035  0.053 -0.008  0.894 -0.448 -0.063  0.447  0.893
   368.000  0.998  0.052  0.037 -0.013  0.738 -0.675 -0.062  0.673  0.737
   370.000  0.998 -0.021  0.057 -0.059 -0.537  0.841 -0.013  0.843  0.538
   372.000  0.998  0.053  0.035 -0.014  0.726 -0.688 -0.062  0.686  0.725
   374.000  0.998  0.055  0.040 -0.017  0.775 -0.631 -0.066  0.629  0.774
   376.000  0.998 -0.023  0.066 -0.067 -0.604  0.794 -0.022  0.796  0.604
   378.000  0.998 -0.016  0.064 -0.061 -0.592  0.803 -0.025  0.806  0.592
   380.000  0.998 -0.003  0.058 -0.051 -0.524  0.850 -0.027  0.852  0.523
   382.000  0.998 -0.003  0.064 -0.055 -0.549  0.834 -0.032  0.836  0.548
   384.000  0.997 -0.011  0.071 -0.063 -0.599  0.798 -0.034  0.801  0.598
   386.000  0.998  0.026  0.065 -0.061 -0.144  0.988 -0.036  0.989  0.142
   388.000  0.998  0.058  0.030 -0.026  0.779 -0.626 -0.060  0.624  0.779
   390.000  0.997  0.062  0.038 -0.025  0.784 -0.620 -0.068  0.617  0.784
   392.000  0.997  0.056  0.045 -0.026  0.866 -0.499 -0.067  0.497  0.865
   394.000  0.997  0.061  0.050 -0.027  0.861 -0.508 -0.073  0.505  0.860
   396.000  0.997  0.057  0.054 -0.019  0.840 -0.542 -0.077  0.540  0.838
   398.000  0.996  0.072  0.045 -0.020  0.712 -0.702 -0.083  0.698  0.711
   400.000  0.995 -0.044  0.088 -0.097 -0.585  0.805 -0.016  0.810  0.586
